-3.860
-1.018
0
0
-39.860
-10.018
0
0
76.860
54.018
0
0
-87.590
-34.014
0
0
-87.590
-34.014
0
0
-87.590
-34.014
0
0
-87.590
-34.014
0
0
-87.590
-34.014
0
0
-87.590
-34.014
0
0
-87.590
-34.014
0
0
-87.590
-34.014
0
0
-87.590
-34.014
0
0
-7.590
-34.014
0
0
-7.590
-34.014
0
0
-7.590
-34.014
0
0
-77.590
-4.014
0
0
-77.590
-4.014
0
0
-77.590
-4.014
0
0
-77.590
-4.014
0
0
-77.590
-4.014
0
0
-77.590
-4.014
0
0
-77.590
-4.014
0
0
-77.590
-4.014
0
0
-77.590
-4.014
0
0
-7.590
-49.014
0
0
-7.590
-49.014
0
0
-7.590
-49.014
0
0
76.589
34.014
0
0
76.589
34.014
0
0
76.589
34.014
0
0
6.589
4.014
0
0
6.589
4.014
0
0
6.589
4.014
0
0
66.589
4.014
0
0
66.589
4.014
0
0
66.589
4.014
0
0
6.589
4.014
0
0
6.589
4.014
0
0
